COFF
24
-0.346 -0.106  0.149 -0.247 -0.702  0.668  2.659
-0.345 -0.106  0.148 -0.248 -0.759  0.602  2.534
-0.344 -0.102  0.142 -0.255 -0.817  0.517  2.707
-0.345 -0.109  0.149 -0.240 -0.711  0.661  2.591
-0.344 -0.108  0.159 -0.222 -0.712  0.666  2.54
-0.345 -0.108  0.165 -0.223 -0.613  0.758  2.595
-0.345 -0.104  0.157 -0.246 -0.684  0.687  2.642
-0.342 -0.113  0.159 -0.262 -0.641  0.722  2.625
-0.342 -0.103  0.150 -0.248 -0.664  0.705  2.784
-0.345 -0.115  0.149 -0.244 -0.633  0.735  2.628
-0.342 -0.107  0.161 -0.237 -0.669  0.705  2.606
-0.346 -0.106  0.161 -0.180 -0.662  0.728  2.717
-0.325 -0.097  0.254  0.123 -0.142  0.982  2.428
-0.341 -0.141  0.214 -0.016 -0.309  0.951  2.463
-0.344 -0.161  0.182 -0.106 -0.432  0.896  2.654
-0.344 -0.165  0.197 -0.089 -0.425  0.901  2.620
-0.340 -0.142  0.199 -0.112 -0.342  0.933  2.555
-0.345 -0.148  0.178 -0.134 -0.464  0.876  2.635
-0.341 -0.168  0.187 -0.142 -0.453  0.880  2.619
-0.343 -0.147  0.189 -0.117 -0.407  0.906  2.567
-0.340 -0.129  0.188 -0.130 -0.371  0.920  2.582
-0.341 -0.140  0.183 -0.118 -0.373  0.920  2.624
-0.344 -0.157  0.179 -0.111 -0.423  0.899  2.603
-0.342 -0.144  0.176 -0.185 -0.461  0.868  2.654

