arm_q
3 0 0
-74.0 40.0 69.8 40.0  -34.0  17.0 -12.4 
-42.0 32.0 -7.8 60.0  0.0  0.0 10.8 
-44.0 35.0 3.8  68.0  0.0  0.0 10.8   

head_q
3 0 0
-24.5 0.0  20.7 0.0 0.0 0.0 
-24.5 0.0  19.3 0.0 0.0 0.0
-24.5 0.0  19.3 0.0 0.0 0.0 

arm 
3 0 0
-0.326382 -0.183885 0.168253  0.10484 -0.499440	0.859981 2.972665
-0.311339 -0.081512 0.068465 -0.04718 -0.723304 0.688916 2.979541
-0.320624 -0.136345 0.122291 -0.02396 -0.417275 0.908464 2.866059

head 
3 0 0
-0.104945 -0.015345 0.307042 -0.563012 -0.676961 0.474068 2.537956
-0.106156 -0.009267 0.306554 -0.597005 -0.666443 0.446586 2.460566
-0.105824 -0.011313 0.306683 -0.585706 -0.670135 0.455924 2.486221
