arm_q
4 0 0
-60.0 49.6 50.1 55.0  -31.0  10.0 1.0 
-60.0 43.6 50.1 55.0  -31.0  -5.7 1.0 
-49.0 50.0 50.0 59 -37 9.0 1
-51.0 46.0 50.0 45.0  -21.0  2.1 18.0
 

head_q
3 0 0
-24.5 0.0  -15.7 0.0 0.0 0.0 
-24.5 0.0  19.3 0.0 0.0 0.0
-24.5 0.0  19.3 0.0 0.0 0.0 

arm 
4 0 0
-0.327515 0.144758 0.144625 -0.148019 0.838968 -0.523664 3.064677
-0.338668 0.119234 0.14554 0.115286 -0.809823 0.575236 3.060779
-0.311339 -0.081512 0.068465 -0.04718 -0.723304 0.688916 2.979541
-0.320624 -0.136345 0.122291 -0.02396 -0.417275 0.908464 2.866059

head 
3 0 0
-0.104945 -0.015345 0.307042 -0.563012 -0.676961 0.474068 2.537956
-0.106156 -0.009267 0.306554 -0.597005 -0.666443 0.446586 2.460566
-0.105824 -0.011313 0.306683 -0.585706 -0.670135 0.455924 2.486221
