COFF
5 0 0
-0.335 -0.150  0.219 -0.090 -0.256  0.962  2.443
-0.322 -0.141  0.250 -0.202 -0.155  0.967  2.452
-0.337 -0.154  0.203 -0.111 -0.361  0.926  2.508
-0.337 -0.147  0.209 -0.088 -0.343  0.935  2.500
-0.338 -0.162  0.178 -0.145 -0.454  0.879  2.579

-0.334 -0.105  0.144 -0.277 -0.702  0.656  2.855
-0.334 -0.110  0.120 -0.321 -0.732  0.601  2.939
 -0.334 -0.113  0.161 -0.257 -0.657  0.709  2.888
-0.337 -0.106  0.153 -0.254 -0.711  0.656  2.919
-0.333 -0.114  0.139 -0.282 -0.743  0.607  2.933

